154 483 193 478
153 440 192 436
163 478 204 473
149 465 187 462
154 576 193 572
186 585 226 580
170 579 211 575
232 414 268 411
221 385 256 383
122 416 158 413
131 389 167 385
307 367 326 362
369 367 388 361
300 386 320 383
375 383 396 380
340 429 362 424
309 511 330 505
301 503 323 498
375 504 396 498
517 377 547 369
509 399 540 392
535 407 566 399
549 407 579 401
549 435 580 429
587 431 617 424
592 491 625 482
535 511 565 503
582 413 612 405
592 416 622 409
566 419 597 412
566 436 598 429
556 424 587 417
544 423 574 415
595 375 624 369
605 399 633 393
512 541 543 533
608 541 636 534
598 553 629 546
523 554 551 545
579 169 590 161
533 169 548 161
480 147 490 140
482 181 494 176
619 142 631 137
618 178 629 173
562 141 575 135
548 140 561 135
511 121 523 114
537 122 549 117
570 122 582 114
601 124 612 115
506 101 519 93
543 100 557 95
568 96 582 91
601 99 613 92
555 154 569 149
554 175 570 168
40 441 40 441
95 461 95 461
29 463 29 463
98 434 98 431
56 296 49 294
17 326 17 325
239 291 234 287
357 291 352 285
324 297 320 294
784 440 782 429
469 480 485 475
632 486 645 477
725 315 720 310
746 375 738 365
764 376 759 367
714 359 706 351
